VALUES:

geometry type: Bragg diffraction
crystal name: Si
thickness: 0.01
miller H: 1
miller K: 1
miller L: 1
asymmetry angle: 0.0
azimuthal angle: 90.0
energy points: 1
energy minimum: 8000
energy maximum: 8000
deviation angle points: 200
deviation angle minimum: -100
deviation angle maximum: 100
inclination angle: 45.0
incoming Stokes vector: [1.0, 1.0, 0.0, 0.0]

RESULTS:

S-Polarization:
Intensity: [ 0.0042745   0.00435708  0.00437266  0.00443612  0.00456257  0.00462904
  0.00464711  0.00474255  0.00487504  0.00492258  0.00495565  0.0050854
  0.00521199  0.00524325  0.00530616  0.00546625  0.00557441  0.00559965
  0.00570645  0.00588508  0.00596563  0.00600359  0.00616289  0.00634076
  0.00639338  0.00646949  0.00667868  0.00683287  0.00687179  0.00701218
  0.00725282  0.00736533  0.00742234  0.00764315  0.00788096  0.00795154
  0.00807217  0.00836591  0.00856021  0.00861969  0.00884773  0.00917326
  0.00929949  0.00941399  0.0097634   0.01005209  0.01013379  0.01038545
  0.01081001  0.01100228  0.01113378  0.0115673   0.01195708  0.0120706
  0.01239167  0.01294309  0.01319092  0.01337861  0.01396471  0.01444633
  0.01459513  0.01508854  0.01579792  0.01605783  0.01640722  0.01725412
  0.01775289  0.01800048  0.0188738   0.01967377  0.0199206   0.0207454
  0.02184994  0.02220387  0.02296522  0.02435648  0.02489335  0.0256307
  0.02731227  0.02805671  0.02885329  0.03087852  0.0317919   0.03279263
  0.03525944  0.03622494  0.03772491  0.04067515  0.04154411  0.04414854
  0.04722873  0.04826478  0.05270162  0.05480891  0.05797194  0.0630246
  0.06480392  0.07207728  0.0741206   0.08264015  0.08590733  0.09623808
  0.10034394  0.11433574  0.11969892  0.13556969  0.15179319  0.1634479
  0.18425327  0.21302088  0.24635906  0.28778524  0.35926074  0.45708748
  0.66343829  0.90365728  0.92821513  0.93538069  0.93811237  0.93897783
  0.93885325  0.93812125  0.93697404  0.93551665  0.93380897  0.93188519
  0.92976355  0.92745154  0.92494872  0.92224812  0.91933694  0.91619656
  0.91280201  0.90912107  0.90511259  0.90072423  0.89588894  0.89051988
  0.88450281  0.87768432  0.86985315  0.86070925  0.84980987  0.83646985
  0.81956347  0.79709393  0.76516382  0.7153841   0.6310382   0.51054657
  0.40426537  0.32933285  0.27599604  0.2363233   0.20567598  0.18129414
  0.16144525  0.1449844   0.13113353  0.11932961  0.1091549   0.10032731
  0.09257209  0.08575795  0.07967811  0.07428722  0.06941541  0.06505808
  0.06109665  0.05749682  0.0542457   0.05122265  0.04850598  0.0459748
  0.04363332  0.04151878  0.03949943  0.03765718  0.03596665  0.03433042
  0.03285369  0.0314778   0.030133    0.0289273   0.02779498  0.02667433
  0.02567217  0.02473395  0.02378937  0.02294064  0.02215933  0.02135825
  0.02062497  0.01996937  0.01929108  0.0186461   0.01808689  0.01751749
  0.01694532  0.01645432]
Phase: [ 136.6977255   136.36405836  136.28866718  136.63727285  136.63114127
  136.27721761  136.35397624  136.68967706  136.52959518  136.22258408
  136.44801072  136.69954603  136.40664654  136.21583743  136.55200295
  136.65471972  136.28474922  136.26517664  136.63876391  136.55364782
  136.19287666  136.36533791  136.67748325  136.41029002  136.16050521
  136.49284339  136.64256472  136.25654712  136.20726156  136.6058722
  136.52553481  136.13929943  136.32935769  136.65270813  136.34694214
  136.10845073  136.48782208  136.59099502  136.16244871  136.19350135
  136.60860212  136.41510495  136.05413094  136.37253146  136.6064488
  136.18112119  136.09628732  136.55195336  136.43631356  136.00902385
  136.29320189  136.59089681  136.15475336  136.0322976   136.52000885
  136.39543358  135.94322426  136.27591106  136.55153182  136.05097289
  136.01445653  136.52902547  136.2567131   135.86589986  136.35300039
  136.43587888  135.86363589  136.11676949  136.51463175  135.96071385
  135.90710343  136.48869136  136.08541636  135.76184531  136.39914905
  136.18361057  135.67203513  136.2981724   136.22976837  135.60675857
  136.22876126  136.21352192  135.53965979  136.22118748  136.11486364
  135.47658472  136.28539902  135.88516169  135.49903882  136.3505204
  135.49467412  135.78309011  136.12612994  135.20975525  136.24367097
  135.32714842  135.793985    135.69784963  135.32935713  135.89339854
  135.08833333  135.83019718  135.11053605  135.38556922  135.60233565
  134.5385281   135.60091737  135.44779965  134.52048656  134.1698602
  134.07335703  134.32854739  134.20694898  133.58534901  131.54965204
  118.63798041  109.36419038  102.47666788   96.69269962   91.56812008
   86.88778317   82.52799375   78.40963357   74.47818955   70.69393106
   67.02656206   63.4520759    59.95078688   56.5060308    53.10326341
   49.72940315   46.37232506   43.02044619   39.66236046   36.28649022
   32.88072495   29.43201546   25.92588492   22.3458034    18.67234632
   14.88201185   10.9454908     6.82503766    2.47033069   -2.18822375
   -7.25020702  -12.85915966  -19.18979963  -26.13273972  -32.01789528
  -35.31838856  -37.06875712  -38.12594513  -38.83772012  -39.35390999
  -39.74813913  -40.06052673  -40.31550009  -40.52901106  -40.708302
  -40.8652094   -40.99997672  -41.11991315  -41.22586775  -41.32167262
  -41.40523872  -41.48771857  -41.55025854  -41.62680508  -41.67346071
  -41.73843017  -41.78794749  -41.82504131  -41.8887033   -41.91087107
  -41.95538378  -42.00577151  -42.01303464  -42.0650129   -42.10070196
  -42.10029995  -42.15610914  -42.18202477  -42.17472282  -42.23159405
  -42.25487444  -42.23853528  -42.2932253   -42.32198534  -42.29524283
  -42.34162925  -42.38364667  -42.34960834  -42.37789387  -42.43711483
  -42.40628725  -42.40596667  -42.47718953  -42.46672154  -42.43410661]

P-Polarization:
Intensity: [ 0.00325264  0.00332873  0.00340372  0.0034264   0.00346259  0.00355345
  0.0036229   0.00364258  0.00369721  0.00380008  0.00386042  0.00388241
  0.00395997  0.00406994  0.00411915  0.0041511   0.00425421  0.00436449
  0.00440332  0.00445476  0.0045829   0.0046857   0.00471906  0.00480015
  0.00494848  0.00503677  0.00507479  0.00519413  0.00535291  0.00542324
  0.00548134  0.00564292  0.00579829  0.00585429  0.00595157  0.00615121
  0.00628828  0.00634419  0.00649911  0.00672177  0.00683073  0.00691313
  0.00713601  0.00735639  0.00744155  0.00758623  0.00786993  0.00805957
  0.00814881  0.00838968  0.00870248  0.00884637  0.00899455  0.00934292
  0.00963286  0.00975397  0.01002938  0.01045018  0.01067246  0.01085143
  0.01129484  0.01170116  0.0118735   0.01223273  0.01279719  0.01310103
  0.0133583   0.01397329  0.01450241  0.01474352  0.01530121  0.0160584
  0.01641943  0.01687931  0.01779739  0.01839709  0.01879949  0.01979887
  0.02070439  0.0211381   0.02217754  0.0234142   0.02397105  0.02507119
  0.0266572   0.02739841  0.02864915  0.03062662  0.03156657  0.03315102
  0.03557919  0.03669452  0.03896598  0.04180771  0.04317349  0.04672004
  0.04955406  0.05196707  0.05700675  0.05937076  0.06507134  0.06937979
  0.07492905  0.08189186  0.08810819  0.09747832  0.106501    0.11715807
  0.13311208  0.14544317  0.16604627  0.19342295  0.225675    0.26747044
  0.32429411  0.42137472  0.61077102  0.86628576  0.90455409  0.91606735
  0.92093201  0.92301215  0.92361051  0.92329328  0.92234415  0.92091748
  0.91910031  0.91694081  0.91446242  0.91167112  0.90855902  0.90510588
  0.90127892  0.89703145  0.89229982  0.88699859  0.88101281  0.87418584
  0.86629968  0.85704213  0.84594891  0.83229568  0.81488026  0.79154099
  0.7579727   0.70462427  0.61208253  0.48263104  0.37520135  0.30193827
  0.25062242  0.21286625  0.18395579  0.16113385  0.14268292  0.12747286
  0.11476052  0.10396795  0.09473441  0.0867335   0.07977083  0.07363154
  0.0682397   0.06339376  0.05912589  0.0552319   0.05175898  0.04861851
  0.04571466  0.04314271  0.04073314  0.03852459  0.03655262  0.03465848
  0.03294051  0.03138995  0.02987385  0.02850538  0.02726608  0.02603416
  0.02491793  0.02391588  0.02290453  0.02197238  0.02115241  0.02031967
  0.01952483  0.01884111  0.0181583   0.01747256  0.01688515  0.01632778
  0.01573912  0.01521644  0.01475652  0.01426277  0.01378773  0.01339214
  0.01298977  0.01256314]
Phase: [ 136.47504802  136.68784774  136.4452255   136.26936153  136.54070777
  136.66136133  136.36115022  136.28936866  136.60069133  136.60586749
  136.28684194  136.33673294  136.64324426  136.52396099  136.23406682
  136.40630942  136.65656429  136.42338951  136.21382673  136.48716171
  136.63114585  136.31748272  136.23366834  136.56265077  136.56273656
  136.22451899  136.29429383  136.61213865  136.45551152  136.16538976
  136.38610411  136.61485725  136.32470005  136.15889916  136.48700899
  136.55610333  136.19737325  136.21441749  136.56357652  136.43513596
  136.1094326   136.32285118  136.57786502  136.27286706  136.09633589
  136.4493784   136.50135161  136.11548096  136.17585666  136.53464647
  136.33454645  136.02745827  136.32551244  136.51273022  136.1256234
  136.06554559  136.46743817  136.34987466  135.9730918   136.23028085
  136.48589983  136.09397943  135.98749862  136.41650164  136.30107417
  135.89871904  136.19101257  136.4303398   135.98388486  135.95097303
  136.40071188  136.15154066  135.80865197  136.23949044  136.29287895
  135.78683389  136.02933463  136.34948217  135.83988873  135.84079194
  136.32439908  135.9048838   135.70055733  136.25623627  135.93488224
  135.60030083  136.1886532   135.90161922  135.52513988  136.15102689
  135.77918817  135.48859421  136.135509    135.53845208  135.56845976
  136.02879222  135.23578419  135.8413626   135.56082212  135.28702803
  135.8505327   134.98479613  135.8202532   134.89094206  135.67873473
  134.75082194  135.57090278  134.60043636  135.12108563  135.04701863
  134.29529159  134.25835039  134.2455994   133.89014694  133.52742972
  132.87573402  130.77272781  118.45074708  108.28183838  100.77806913
   94.49255519   88.92499049   83.83526123   79.08604674   74.5896599
   70.2855711    66.1294122    62.08700383   58.13083679   54.23785189
   50.38794613   46.56289828   42.74553467   38.91902089   35.06619513
   31.1688698    27.20702161   23.15776723   18.9939717    14.68224363
   10.1798963     5.43012861    0.35410056   -5.16215207  -11.28611565
  -18.22835088  -25.84440795  -32.04943839  -35.34349015  -37.06851151
  -38.1128453   -38.81872977  -39.33249504  -39.72608331  -40.03793371
  -40.29384945  -40.50826859  -40.68686926  -40.84794524  -40.97812025
  -41.10633757  -41.2045329   -41.30861853  -41.39019955  -41.46652588
  -41.54968953  -41.594955    -41.67691905  -41.72083127  -41.76413459
  -41.83900265  -41.85390501  -41.90488137  -41.96624968  -41.96417723
  -42.01957543  -42.0718239   -42.05762518  -42.11167147  -42.16359186
  -42.138939    -42.18403049  -42.2446339   -42.21375713  -42.23945228
  -42.31366931  -42.28770683  -42.28317109  -42.36605674  -42.36304184
  -42.32484034  -42.39763093  -42.4345039   -42.37651102  -42.41142759
  -42.48886642  -42.44465945  -42.42253463  -42.51287849  -42.52037597]

SP-Difference:
Intensity: [ 0.76094151  0.76398089  0.77840999  0.77238599  0.75891308  0.76764325
  0.77960319  0.76806261  0.75839684  0.77196952  0.7789949   0.76344346
  0.75978079  0.7762248   0.77629627  0.75940605  0.76316852  0.77942234
  0.77163863  0.75695872  0.76821762  0.78048189  0.7657226   0.75703091
  0.77399946  0.77854229  0.7598489   0.76016795  0.77896893  0.77340257
  0.75575211  0.76614588  0.781195    0.76595178  0.75518385  0.77358666
  0.77900712  0.75833874  0.75922335  0.77981554  0.77203222  0.75361693
  0.7673557   0.78143201  0.76218801  0.75469258  0.77660233  0.77604477
  0.75382082  0.76253998  0.7816284   0.76477395  0.75223666  0.77402289
  0.77736566  0.75360404  0.76032455  0.78111077  0.76424539  0.75115451
  0.77387751  0.77549967  0.7515859   0.76179175  0.77997302  0.75929872
  0.752458    0.77627297  0.7683886   0.74939945  0.76810973  0.77407028
  0.75146326  0.76019642  0.77497144  0.75532644  0.75520128  0.77246698
  0.75806162  0.75340644  0.76863119  0.75826823  0.75399865  0.76453715
  0.75603033  0.75634111  0.75942253  0.7529566   0.75983258  0.75089741
  0.7533377   0.76027527  0.73936967  0.76279033  0.74473079  0.74129855
  0.76467702  0.720991    0.76910809  0.71842512  0.75745969  0.72091819
  0.74672222  0.71624027  0.73608179  0.7190274   0.70161908  0.71679155
  0.72244079  0.68276486  0.67400106  0.67210865  0.62816493  0.58516247
  0.48880825  0.46629926  0.65800589  0.92613176  0.96422787  0.97560061
  0.98091156  0.9838943   0.98573757  0.98693409  0.98772252  0.98823062
  0.98853123  0.98866708  0.98866284  0.98853129  0.98827642  0.98789487
  0.98737613  0.98670186  0.985844    0.98476155  0.98339512  0.98165786
  0.97941993  0.97648108  0.97251923  0.96698819  0.95889715  0.94628753
  0.92484929  0.88399151  0.79993658  0.67464602  0.59457788  0.59140202
  0.6199453   0.64635597  0.66651604  0.68183649  0.69372671  0.70312731
  0.71083247  0.71709752  0.72242703  0.7268397   0.73080391  0.7339132
  0.73715204  0.73921729  0.74205936  0.74349118  0.74564101  0.74730936
  0.74823517  0.75034949  0.75090082  0.75210073  0.75356926  0.75385834
  0.75493933  0.75604208  0.75631099  0.75697061  0.75809325  0.75834092
  0.75845154  0.75976969  0.76011464  0.75957257  0.76101548  0.76176854
  0.76054435  0.76175075  0.76329457  0.76164243  0.76198816  0.76447155
  0.76310981  0.76198885  0.76493992  0.76491937  0.76230523  0.76450099
  0.76656978  0.7635165 ]
Phase: [ -2.22677477e-01   3.23789388e-01   1.56558322e-01  -3.67911316e-01
  -9.04335064e-02   3.84143719e-01   7.17398091e-03  -4.00308406e-01
   7.10961588e-02   3.83283407e-01  -1.61168782e-01  -3.62813096e-01
   2.36597720e-01   3.08123561e-01  -3.17936128e-01  -2.48410306e-01
   3.71815071e-01   1.58212871e-01  -4.24937175e-01  -6.64861188e-02
   4.38269187e-01  -4.78551849e-02  -4.43814907e-01   1.52360752e-01
   4.02231343e-01  -2.68324395e-01  -3.48270889e-01   3.55591535e-01
   2.48249952e-01  -4.40482434e-01  -1.39430701e-01   4.75557813e-01
  -4.65764165e-03  -4.93808974e-01   1.40066846e-01   4.47652597e-01
  -2.90448828e-01  -3.76577527e-01   4.01127813e-01   2.41634614e-01
  -4.99169521e-01  -9.22537748e-02   5.23734083e-01  -9.96644062e-02
  -5.10112913e-01   2.68257212e-01   4.05064290e-01  -4.36472404e-01
  -2.60456904e-01   5.25622628e-01   4.13445523e-02  -5.63438532e-01
   1.70759081e-01   4.80432622e-01  -3.94385446e-01  -3.29887990e-01
   5.24213912e-01   7.39636002e-02  -5.78440022e-01   1.79307961e-01
   4.71443293e-01  -4.35046042e-01  -2.69214477e-01   5.50601781e-01
  -5.19262148e-02  -5.37159835e-01   3.27376688e-01   3.13570309e-01
  -5.30746895e-01  -9.74082146e-03   4.93608441e-01  -3.37150704e-01
  -2.76764387e-01   4.77645137e-01  -1.06270100e-01  -3.96776684e-01
   3.57299496e-01   5.13097733e-02  -3.89879641e-01   2.34033368e-01
   9.56378238e-02  -3.08638123e-01   1.60897547e-01   3.50487855e-02
  -1.79981400e-01   1.23716102e-01  -9.67458207e-02   1.64575348e-02
   2.61010617e-02  -1.99493512e-01   2.84514050e-01  -2.94495906e-01
   9.37905632e-03   3.28696832e-01  -6.75211204e-01   7.01643796e-01
  -5.58200812e-01   1.43512971e-01   2.31464991e-01  -6.06370515e-01
   7.62199376e-01  -8.45401051e-01   7.09717152e-01  -4.94627155e-01
   7.63990760e-02   2.12293841e-01  -3.00145853e-02  -8.47363294e-01
   6.00599067e-01   8.77158432e-01   2.21934557e-01  -7.01969954e-02
   3.86504218e-02   3.04797924e-01   1.97777769e+00   1.42377536e+01
   2.14085374e+01   1.59740792e+01   1.15891388e+01   9.20994905e+00
   7.60477203e+00   6.39699675e+00   5.42562765e+00   4.60785720e+00
   3.89572884e+00   3.25900904e+00   2.67733631e+00   2.13621694e+00
   1.62480599e+00   1.13458847e+00   6.58542987e-01   1.90573223e-01
  -2.74911517e-01  -7.43339571e-01  -1.22029509e+00  -1.71185515e+00
  -2.22499384e+00  -2.76811769e+00  -3.35183170e+00  -3.99010270e+00
  -4.70211555e+00  -5.51536219e+00  -6.47093709e+00  -7.63248275e+00
  -9.09789190e+00  -1.09781439e+01  -1.29852483e+01  -1.28596388e+01
  -9.21075042e+00  -5.05061623e+00  -2.79445674e+00  -1.74997265e+00
  -1.20654991e+00  -8.88363190e-01  -6.84023721e-01  -5.45710317e-01
  -4.47741858e-01  -3.71369176e-01  -3.18934185e-01  -2.69818254e-01
  -2.41128169e-01  -2.04556177e-01  -1.88705382e-01  -1.64331804e-01
  -1.44853254e-01  -1.44450811e-01  -1.07236431e-01  -1.26660510e-01
  -9.40261934e-02  -9.06738812e-02  -1.00572483e-01  -6.59575136e-02
  -7.98400690e-02  -7.75463799e-02  -5.33061593e-02  -6.41916527e-02
  -6.60523889e-02  -4.45905400e-02  -4.66585724e-02  -6.28898954e-02
  -3.86390504e-02  -2.79213520e-02  -6.26091360e-02  -3.90343118e-02
  -7.85822474e-03  -5.87948715e-02  -4.91715504e-02   1.00542133e-02
  -4.40714078e-02  -6.77990064e-02   1.67889081e-02  -1.39842596e-02
  -8.48955623e-02   1.38285140e-03   2.56872413e-02  -8.25791772e-02
  -3.86927847e-02   5.46548971e-02  -4.61569489e-02  -8.62693582e-02]

Stokes vector:
S0: [ 0.00376357  0.0038429   0.00388819  0.00393126  0.00401258  0.00409125
  0.004135    0.00419256  0.00428612  0.00436133  0.00440804  0.00448391
  0.00458598  0.0046566   0.00471265  0.00480868  0.00491431  0.00498207
  0.00505489  0.00516992  0.00527426  0.00534465  0.00544098  0.00557045
  0.00567093  0.00575313  0.00587673  0.0060135   0.00611235  0.00621771
  0.00636708  0.00650413  0.00661031  0.00674872  0.00691627  0.00705138
  0.00718023  0.00735505  0.00752966  0.00767073  0.00783923  0.00804319
  0.00821775  0.00838519  0.00860248  0.00881916  0.00900186  0.00922251
  0.00947941  0.00969598  0.00991813  0.01020683  0.01047582  0.01070676
  0.01101226  0.01134853  0.01161015  0.0119144   0.01231859  0.01264888
  0.01294499  0.01339485  0.01383571  0.01414528  0.0146022   0.01517758
  0.01555559  0.01598689  0.0166881   0.01720864  0.0176109   0.0184019
  0.01913468  0.01954159  0.0203813   0.02137679  0.02184642  0.02271478
  0.02400833  0.02459741  0.02551542  0.02714636  0.02788147  0.02893191
  0.03095832  0.03181168  0.03318703  0.03565088  0.03655534  0.03864978
  0.04140396  0.04247965  0.0458338   0.04830831  0.05057271  0.05487232
  0.05717899  0.06202218  0.06556368  0.07100545  0.07548933  0.08280894
  0.0876365   0.0981138   0.10390356  0.11652401  0.1291471   0.14030299
  0.15868267  0.17923202  0.20620267  0.24060409  0.29246787  0.36227896
  0.4938662   0.662516    0.76949308  0.90083322  0.92133323  0.92752259
  0.92989263  0.9305667   0.93029228  0.92940496  0.92807656  0.92640133
  0.92443193  0.92219618  0.91970557  0.91695962  0.91394798  0.91065122
  0.90704047  0.90307626  0.8987062   0.89386141  0.88845088  0.88235286
  0.87540125  0.86736322  0.85790103  0.84650247  0.83234506  0.81400542
  0.78876808  0.7508591   0.68862318  0.59900757  0.50311977  0.40624242
  0.32744389  0.27109955  0.22997591  0.19872857  0.17417945  0.1543835
  0.13810289  0.12447618  0.11293397  0.10303155  0.09446286  0.08697942
  0.0804059   0.07457586  0.069402    0.06475956  0.0605872   0.05683829
  0.05340566  0.05031976  0.04748942  0.04487362  0.0425293   0.04031664
  0.03828691  0.03645437  0.03468664  0.03308128  0.03161636  0.03018229
  0.02888581  0.02769684  0.02651877  0.02544984  0.02447369  0.023497
  0.0225985   0.02178753  0.02097383  0.0202066   0.01952224  0.01884301
  0.01818204  0.0175929   0.0170238   0.01645443  0.01593731  0.01545482
  0.01496755  0.01450873]
S1: [ 0.00051093  0.00051418  0.00048447  0.00050486  0.00054999  0.00053779
  0.0005121   0.00054999  0.00058891  0.00056125  0.00054761  0.00060149
  0.00062601  0.00058665  0.0005935   0.00065757  0.0006601   0.00061758
  0.00065157  0.00071516  0.00069136  0.00065895  0.00072191  0.0007703
  0.00072245  0.00071636  0.00080195  0.00081937  0.00075944  0.00079447
  0.00088574  0.00086121  0.00081202  0.00089443  0.00096469  0.00090017
  0.00089195  0.00101086  0.00103055  0.00094896  0.0010085   0.00113007
  0.00108174  0.0010288   0.00116093  0.00123293  0.00113193  0.00116294
  0.0013306   0.0013063   0.00121565  0.00136046  0.00148126  0.00136384
  0.00137941  0.00159456  0.00158077  0.00146422  0.00164612  0.00179745
  0.00165014  0.00169369  0.00196221  0.00191255  0.00180501  0.00207654
  0.00219729  0.0020136   0.00218569  0.00246513  0.0023097   0.0023435
  0.00271526  0.00266228  0.00258391  0.00297969  0.00304693  0.00291592
  0.00330394  0.0034593   0.00333788  0.00373216  0.00391042  0.00386072
  0.00430112  0.00441326  0.00453788  0.00502426  0.00498877  0.00549876
  0.00582477  0.00578513  0.00686782  0.0065006   0.00739923  0.00815228
  0.00762493  0.01005511  0.00855692  0.01163469  0.01041799  0.01342915
  0.01270745  0.01622194  0.01579536  0.01904568  0.0226461   0.02314491
  0.0255706   0.03378885  0.0401564   0.04718115  0.06679287  0.09480852
  0.16957209  0.24114128  0.15872205  0.03454746  0.01677914  0.01145524
  0.00896062  0.00755455  0.00668176  0.00611169  0.00573241  0.00548385
  0.00533162  0.00525537  0.00524315  0.0052885   0.00538896  0.00554534
  0.00576154  0.00604481  0.00640639  0.00686282  0.00743806  0.00816702
  0.00910156  0.01032109  0.01195212  0.01420679  0.0174648   0.02246443
  0.03079539  0.04623483  0.07654064  0.11637653  0.12791842  0.10430415
  0.07682148  0.0582333   0.04602013  0.03759473  0.03149653  0.02691064
  0.02334236  0.02050822  0.01819956  0.01629806  0.01469204  0.01334789
  0.01216619  0.0111821   0.01027611  0.00952766  0.00882822  0.00821978
  0.00769099  0.00717705  0.00675628  0.00634903  0.00597668  0.00565816
  0.0053464   0.00506442  0.00481279  0.0045759   0.00435029  0.00414813
  0.00396788  0.00378096  0.00361423  0.00347746  0.00332128  0.00317733
  0.00307367  0.00294642  0.00281554  0.00273404  0.00263709  0.00251524
  0.00244293  0.00237647  0.00226728  0.00219167  0.00214958  0.00206268
  0.00197777  0.00194559]
S2: [-0.0037287  -0.00380829 -0.00385787 -0.00389863 -0.0039747  -0.00405566
 -0.00410317 -0.00415623 -0.00424547 -0.00432497 -0.00437387 -0.00444329
 -0.00454302 -0.00461943 -0.00467506 -0.00476346 -0.00486967 -0.00494362
 -0.00501258 -0.00512021 -0.0052286  -0.00530387 -0.00539271 -0.00551692
 -0.00562458 -0.0057083  -0.00582165 -0.0059573  -0.00606493 -0.00616656
 -0.00630515 -0.00644664 -0.00656025 -0.00668894 -0.00684864 -0.00699347
 -0.00712452 -0.0072851  -0.00745862 -0.00761174 -0.0077738  -0.0079634
 -0.0081459  -0.00832183 -0.00852344 -0.00873246 -0.00893019 -0.00914863
 -0.00938546 -0.00960717 -0.00984334 -0.01011527 -0.01037052 -0.01061917
 -0.01092527 -0.01123576 -0.01150155 -0.01182407 -0.01220748 -0.01252045
 -0.01283895 -0.01328696 -0.01369571 -0.01401474 -0.0144902  -0.01503419
 -0.01539937 -0.01585933 -0.01654364 -0.01703116 -0.01745814 -0.01825175
 -0.01894083 -0.01935872 -0.02021681 -0.02116759 -0.02163247 -0.02252684
 -0.02377935 -0.02435273 -0.02529611 -0.02688819 -0.02760578 -0.02867316
 -0.03065793 -0.03150399 -0.03287527 -0.03529507 -0.03621332 -0.03825639
 -0.04099169 -0.04208332 -0.04531633 -0.04786815 -0.05002502 -0.05425929
 -0.05666562 -0.06120148 -0.06500235 -0.07004183 -0.07476039 -0.08170388
 -0.08670365 -0.09675986 -0.10269585 -0.11495619 -0.12714607 -0.13836565
 -0.15660026 -0.17599765 -0.20225328 -0.23593259 -0.2847387  -0.34964829
 -0.46356539 -0.59811808 -0.70099333 -0.8654116  -0.90240065 -0.91549559
 -0.92167099 -0.92474229 -0.92610047 -0.92638098 -0.92591443 -0.9248869
 -0.92340749 -0.92154031 -0.91932085 -0.91676459 -0.91387173 -0.9106293
 -0.90701173 -0.90298003 -0.89847955 -0.89343615 -0.88774994 -0.88128555
 -0.87385649 -0.86519955 -0.85493066 -0.84246488 -0.82686024 -0.80648637
 -0.77825126 -0.73571955 -0.66685581 -0.57285598 -0.48031254 -0.39109949
 -0.31792632 -0.26464783 -0.22527441 -0.19511671 -0.17129585 -0.15201312
 -0.13611176 -0.12277255 -0.11145614 -0.1017332  -0.0933125  -0.08594859
 -0.0794797  -0.07373245 -0.06863679 -0.06405465 -0.05994046 -0.05624065
 -0.05284889 -0.04980524 -0.04700629 -0.04442217 -0.04210721 -0.03991759
 -0.03791177 -0.03610084 -0.03435111 -0.03276326 -0.03131563 -0.02989586
 -0.02861198 -0.02743755 -0.0262713  -0.02521113 -0.02424728 -0.02328117
 -0.02238849 -0.02158738 -0.02078399 -0.02002077 -0.01934331 -0.01867439
 -0.01801716 -0.01743166 -0.01687214 -0.0163078  -0.01579168 -0.01531654
 -0.0148363  -0.01437767]
S3: [  1.44915077e-05  -2.15216050e-05  -1.05415043e-05   2.50344640e-05
   6.27352527e-06  -2.71918516e-05  -5.13756131e-07   2.90388212e-05
  -5.26804482e-06  -2.89325557e-05   1.23034090e-05   2.81365494e-05
  -1.87600820e-05  -2.48424668e-05   2.59423187e-05   2.06524816e-05
  -3.16016800e-05  -1.36510406e-05   3.71767548e-05   5.94150856e-06
  -3.99956120e-05   4.42995275e-06   4.17729367e-05  -1.46705980e-05
  -3.94866952e-05   2.67329743e-05   3.53871961e-05  -3.69729568e-05
  -2.62781614e-05   4.74086529e-05   1.53437705e-05  -5.35086200e-05
   5.33290453e-07   5.76506521e-05  -1.67423994e-05  -5.46411674e-05
   3.61165549e-05   4.78821270e-05  -5.22186673e-05  -3.21013276e-05
   6.77281955e-05   1.28221379e-05  -7.44628124e-05   1.44755969e-05
   7.58875066e-05  -4.08854175e-05  -6.31348434e-05   6.96945100e-05
   4.26650120e-05  -8.81371859e-05  -7.10294177e-06   9.94753164e-05
  -3.09074303e-05  -8.90452353e-05   7.52033514e-05   6.46920871e-05
  -1.05233583e-04  -1.52637999e-05   1.23247083e-04  -3.91830619e-05
  -1.05644279e-04   1.00889616e-04   6.43522065e-05  -1.34683186e-04
   1.31322347e-05   1.40952803e-04  -8.79899113e-05  -8.67963653e-05
   1.53252778e-04   2.89545824e-06  -1.50407197e-04   1.07401662e-04
   9.14934407e-05  -1.61387299e-04   3.74974384e-05   1.46589190e-04
  -1.34902998e-04  -2.01733409e-05   1.61813477e-04  -9.94730186e-05
  -4.22241841e-05   1.44841402e-04  -7.75225349e-05  -1.75398517e-05
   9.63050944e-05  -6.80251973e-05   5.55110342e-05  -1.01380926e-05
  -1.64969606e-05   1.33202346e-04  -2.03554379e-04   2.16306955e-04
  -7.41807600e-06  -2.74615021e-04   5.89555124e-04  -6.64492181e-04
   5.52078996e-04  -1.53296199e-04  -2.62599639e-04   7.41291752e-04
  -9.94587754e-04   1.20563086e-03  -1.07404449e-03   8.35336237e-04
  -1.36936307e-04  -4.25940659e-04   6.66058980e-05   2.04647749e-03
  -1.64161153e-03  -2.69461174e-03  -7.83429728e-04   2.89057365e-04
  -1.92078243e-04  -1.86005113e-03  -1.60080484e-02  -1.51766562e-01
  -2.74836783e-01  -2.47729133e-01  -1.85057986e-01  -1.48441075e-01
  -1.23055297e-01  -1.03677386e-01  -8.79602204e-02  -7.46627058e-02
  -6.30531701e-02  -5.26647813e-02  -4.31807267e-02  -3.43746563e-02
  -2.60772882e-02  -1.81564249e-02  -1.05042697e-02  -3.02888279e-03
   4.35197647e-03   1.17156701e-02   1.91388616e-02   2.67015919e-02
   3.44917493e-02   4.26105019e-02   5.11794383e-02   6.03504621e-02
   7.03198756e-02   8.13481243e-02   9.37839845e-02   1.08073654e-01
   1.24626286e-01   1.42718162e-01   1.53774961e-01   1.30776895e-01
   7.78861438e-02   3.45649484e-02   1.55183589e-02   8.08559595e-03
   4.74459028e-03   3.02550019e-03   2.04510683e-03   1.44788386e-03
   1.06367644e-03   7.95775500e-04   6.20421636e-04   4.79087256e-04
   3.92706142e-04   3.06853137e-04   2.61769758e-04   2.11474918e-04
   1.73525591e-04   1.61491224e-04   1.12186416e-04   1.24328208e-04
   8.67286342e-05   7.88197399e-05   8.25112109e-05   5.11377488e-05
   5.86752623e-05   5.40260804e-05   3.52719065e-05   4.04458012e-05
   3.96010608e-05   2.54980700e-05   2.55017557e-05   3.28147799e-05
   1.92953147e-05   1.33708550e-05   2.87076006e-05   1.71757744e-05
   3.32556051e-06   2.38903106e-05   1.92139258e-05  -3.78813457e-06
   1.59868635e-05   2.36909044e-05  -5.66800904e-06   4.55788322e-06
   2.66961736e-05  -4.20718444e-07  -7.56423458e-06   2.35041036e-05
   1.06643821e-05  -1.46105769e-05   1.19519858e-05   2.16482513e-05]

Degree of circular polarization: [  3.85046579e-03  -5.60034825e-03  -2.71116090e-03   6.36804920e-03
   1.56346511e-03  -6.64634597e-03  -1.24245654e-04   6.92626673e-03
  -1.22909302e-03  -6.63388550e-03   2.79113164e-03   6.27500846e-03
  -4.09074365e-03  -5.33489660e-03   5.50482302e-03   4.29483574e-03
  -6.43054386e-03  -2.74003435e-03   7.35461507e-03   1.14924544e-03
  -7.58316463e-03   8.28858061e-04   7.67747061e-03  -2.63364579e-03
  -6.96300250e-03   4.64668083e-03   6.02157502e-03  -6.14832275e-03
  -4.29919240e-03   7.62477708e-03   2.40986010e-03  -8.22687429e-03
   8.06755054e-05   8.54245774e-03  -2.42072810e-03  -7.74900828e-03
   5.03000201e-03   6.51010078e-03  -6.93506264e-03  -4.18491047e-03
   8.63964758e-03   1.59416002e-03  -9.06121739e-03   1.72632904e-03
   8.82158774e-03  -4.63597604e-03  -7.01353262e-03   7.55700018e-03
   4.50080901e-03  -9.09007899e-03  -7.16157687e-04   9.74595419e-03
  -2.95036002e-03  -8.31672700e-03   6.82905649e-03   5.70048149e-03
  -9.06393136e-03  -1.28112253e-03   1.00049689e-02  -3.09775024e-03
  -8.16101938e-03   7.53197075e-03   4.65116823e-03  -9.52142282e-03
   8.99332607e-04   9.28691092e-03  -5.65648010e-03  -5.42922268e-03
   9.18335480e-03   1.68256032e-04  -8.54057259e-03   5.83644375e-03
   4.78155025e-03  -8.25865777e-03   1.83979606e-03   6.85740003e-03
  -6.17506287e-03  -8.88115010e-04   6.73988878e-03  -4.04404524e-03
  -1.65484975e-03   5.33557383e-03  -2.78043179e-03  -6.06245880e-04
   3.11079843e-03  -2.13837191e-03   1.67267267e-03  -2.84371420e-04
  -4.51287312e-04   3.44639351e-03  -4.91630226e-03   5.09201362e-03
  -1.61847288e-04  -5.68463296e-03   1.16575740e-02  -1.21097878e-02
   9.65527719e-03  -2.47163529e-03  -4.00526096e-03   1.04399273e-02
  -1.31752096e-02   1.45591880e-02  -1.22556754e-02   8.51395213e-03
  -1.31791741e-03  -3.65538972e-03   5.15736702e-04   1.45861290e-02
  -1.03452476e-02  -1.50342091e-02  -3.79931909e-03   1.20138174e-03
  -6.56749900e-04  -5.13430625e-03  -3.24137355e-02  -2.29076071e-01
  -3.57166025e-01  -2.74999996e-01  -2.00858907e-01  -1.60040388e-01
  -1.32332801e-01  -1.11413170e-01  -9.45511668e-02  -8.03338788e-02
  -6.79396213e-02  -5.68487754e-02  -4.67105532e-02  -3.72747765e-02
  -2.83539527e-02  -1.98006810e-02  -1.14932905e-02  -3.32606241e-03
   4.79799592e-03   1.29730684e-02   2.12960159e-02   2.98721833e-02
   3.88223481e-02   4.82919066e-02   5.84639768e-02   6.95792264e-02
   8.19673517e-02   9.60990988e-02   1.12674405e-01   1.32767732e-01
   1.58001178e-01   1.90073160e-01   2.23307850e-01   2.18322607e-01
   1.54806366e-01   8.50845378e-02   4.73924211e-02   2.98251914e-02
   2.06308139e-02   1.52242836e-02   1.17413783e-02   9.37848809e-03
   7.70205800e-03   6.39299442e-03   5.49366729e-03   4.64990822e-03
   4.15725431e-03   3.52788189e-03   3.25560398e-03   2.83570210e-03
   2.50029661e-03   2.49370480e-03   1.85165221e-03   2.18740222e-03
   1.62395963e-03   1.56637741e-03   1.73746497e-03   1.13959485e-03
   1.37964322e-03   1.34004419e-03   9.21252357e-04   1.10949129e-03
   1.14168050e-03   7.70770463e-04   8.06599911e-04   1.08721969e-03
   6.67985890e-04   4.82757398e-04   1.08253907e-03   6.74887385e-04
   1.35883079e-04   1.01673880e-03   8.50230176e-04  -1.73867109e-04
   7.62228988e-04   1.17243397e-03  -2.90336031e-04   2.41887174e-04
   1.46827144e-03  -2.39140994e-05  -4.44332982e-04   1.42843579e-03
   6.69145616e-04  -9.45373661e-04   7.98526732e-04   1.49208461e-03]